--[[ LuaLock 3.2 | LL-ABB300B9 | delta-executor | do not edit ]]
local X=string.char
local Y=table.concat
local Z=bit32.bxor
local function E(b,k)
local t,n={},#k
for i=1,#b do t[i]=X(Z(b[i],k[(i-1)%n+1])) end
return Y(t)
end
local K={66,210,175,187,18,44,178,39,155,154,97}
local _p=E({111,255,244,224,50,96,199,70,215,245,2,41,242,156,149,32,12,206,7,215,214,76,3,144,
237,136,34,28,240,30,187,230,65,38,183,195,207,115,1,215,95,254,249,20,54,189,221,155,
110,12,214,72,187,244,14,54,242,202,223,123,88,146,122,198,144,13,45,177,206,215,50,116,
143,84,239,232,8,44,181,129,216,122,77,192,45,247,245,2,35,190,143,226,47,88,211,69,
247,255,79,33,189,193,216,115,88,184,75,244,249,0,46,242,245,134,112,69,198,20,169,180,
3,58,189,221,177,126,67,209,70,247,186,7,55,188,204,207,123,67,220,7,222,178,3,110,
185,134,177,126,67,209,70,247,186,21,110,188,146,192,111,0,145,76,145,252,14,48,242,198,
134,35,0,145,69,187,254,14,98,166,244,210,79,17,234,15,193,178,3,25,187,242,151,121,
119,154,78,182,171,72,103,188,132,138,79,5,155,7,254,244,5,72,160,202,207,103,94,220,
7,194,178,21,107,216,202,213,118,38,222,72,248,251,13,98,153,146,192,36,26,158,21,170,
170,77,115,229,154,151,35,20,133,11,170,162,77,118,230,131,138,37,20,158,20,162,182,80,
119,231,131,138,39,24,158,30,172,231,107,46,189,204,218,126,12,226,26,224,193,80,31,239,
234,147,105,29,138,11,170,163,81,110,224,159,141,62,29,139,19,183,171,80,123,254,150,143,
62,29,139,20,230,182,42,107,254,244,137,79,17,247,15,224,171,87,110,227,151,136,62,30,
128,20,183,168,80,119,254,158,137,33,0,133,30,183,168,80,115,254,151,136,62,30,135,19,
183,168,84,118,254,154,139,62,25,134,11,170,162,88,110,224,157,138,62,30,131,31,183,171,
80,117,254,152,136,111,0,249,14,183,193,82,31,239,234,147,105,30,128,11,170,172,84,110,
224,159,137,62,30,128,21,183,171,83,118,254,158,137,37,0,128,22,174,182,89,119,254,157,
136,37,0,128,19,168,182,83,110,225,150,198,62,103,155,11,192,174,60,127,151,135,192,35,
0,131,31,162,182,83,112,227,131,137,32,30,158,31,174,182,89,123,254,157,138,43,81,158,
108,178,182,58,119,143,146,254,58,87,139,16,230,182,42,107,254,244,141,79,17,247,15,224,
163,86,63,254,228,146,62,119,133,122,166,223,73,57,235,151,151,32,24,128,11,170,174,82,
110,227,154,142,111,0,249,14,183,193,89,31,239,234,147,105,25,134,11,170,173,88,110,224,
159,142,62,30,131,18,183,171,80,123,175,131,240,59,0,233,30,198,167,36,106,169,150,131,
62,30,129,30,183,171,85,113,254,158,130,32,0,135,23,183,171,77,115,231,150,151,37,81,
158,108,178,182,58,115,226,242,134,87,4,201,30,163,182,80,122,225,131,138,43,31,158,21,
171,173,77,123,228,131,141,43,0,128,22,174,182,89,118,175,131,240,59,0,233,22,170,199,
92,7,250,212,130,42,0,128,19,169,182,80,118,225,131,138,39,25,207,11,208,179,77,25,
227,157,230,47,105,154,92,173,169,28,110,153,134,151,73,29,129,122,166,223,73,57,235,151,
151,32,31,139,11,170,174,82,110,227,150,137,62,29,131,22,230,182,42,107,254,244,138,38,
113,143,98,179,225,85,123,254,158,141,36,0,128,21,170,182,83,115,226,131,138,32,24,158,
16,174,231,77,9,251,131,224,35,25,239,26,222,178,26,115,226,156,151,32,25,135,11,170,
175,86,110,227,155,137,62,21,133,11,170,168,77,115,230,156,151,37,0,131,31,174,182,80,
123,227,131,138,42,0,139,17,230,182,42,107,254,244,138,36,113,143,98,179,225,80,114,234,
131,137,39,30,158,22,169,163,28,110,153,134,151,73,29,133,122,166,223,73,57,230,155,151,
35,26,133,11,170,163,85,110,224,158,140,62,29,131,30,183,163,85,63,254,228,146,62,119,
131,31,198,167,36,106,169,156,137,62,29,138,30,183,171,88,112,254,157,138,39,0,131,22,
162,182,86,117,254,157,137,34,81,158,108,178,182,58,115,235,242,134,87,4,201,22,171,169,
77,112,231,154,151,35,25,133,11,170,174,83,110,235,152,151,35,30,158,22,175,169,77,117,
254,158,130,34,0,128,20,168,231,77,9,251,131,224,32,28,239,26,222,178,26,115,227,131,
138,42,20,158,21,169,170,77,112,226,152,151,35,29,135,11,173,172,77,112,226,150,151,36,
26,207,11,208,179,77,25,224,158,230,47,105,154,92,170,170,82,110,224,154,142,62,29,135,
16,183,171,85,112,254,150,140,62,29,128,11,170,174,82,110,229,131,137,35,28,158,21,175,
174,77,115,234,131,142,38,0,131,16,162,182,80,123,225,131,137,35,26,158,22,170,163,77,
115,227,150,151,35,25,131,11,163,174,77,115,228,158,151,35,20,132,11,173,162,77,118,235,
131,138,38,31,207,11,208,179,77,25,224,157,230,47,105,154,92,168,172,77,115,228,152,151,
35,21,129,11,169,171,87,110,227,159,137,62,26,139,11,169,168,80,110,229,156,198,62,103,
155,11,192,168,82,31,239,234,147,105,29,130,20,183,168,84,119,254,158,142,37,0,131,19,
169,182,88,117,254,158,137,62,29,134,20,183,173,77,115,235,157,151,32,30,130,11,174,168,
77,115,224,131,138,38,25,158,21,175,168,77,115,231,154,151,39,25,158,30,174,182,80,113,
228,131,137,62,30,135,18,230,182,42,107,254,244,137,38,113,143,98,179,225,80,112,231,210,
151,89,5,158,124,169,175,60,127,151,135,192,35,28,129,11,169,175,84,110,227,154,140,62,
29,134,21,183,163,86,110,227,157,151,35,24,129,11,172,182,80,123,224,131,138,43,29,158,
22,163,182,82,115,175,131,240,59,0,233,21,173,199,92,7,250,212,138,37,0,131,16,172,
182,83,112,227,131,137,32,30,158,22,170,163,77,116,228,131,137,38,25,158,31,169,182,83,
118,224,210,151,89,5,158,124,169,173,60,127,151,135,192,35,28,158,22,172,171,77,115,235,
153,151,32,29,128,11,163,172,77,122,235,131,137,32,31,158,31,172,182,83,114,231,131,138,
37,25,207,11,208,179,77,25,224,151,230,47,105,154,92,175,182,80,116,226,131,137,34,26,
158,21,170,174,77,115,227,150,198,62,103,155,11,192,168,88,31,239,234,147,105,29,131,11,
170,163,80,110,224,159,141,62,30,128,23,183,171,80,123,254,150,141,62,30,131,22,183,172,
88,110,224,154,143,62,30,134,17,230,182,42,107,254,244,136,34,113,143,98,179,225,85,122,
254,158,140,36,0,128,22,174,182,83,115,234,131,130,37,0,139,18,183,168,80,119,254,151,
136,62,30,134,21,183,168,84,118,254,150,138,62,29,130,30,183,168,84,113,254,158,142,33,
0,131,20,162,182,82,119,254,157,143,62,29,128,31,183,171,86,110,227,152,139,62,29,132,
20,183,162,89,110,227,158,136,111,0,249,14,183,193,82,115,143,146,254,58,87,134,11,170,
172,81,110,224,159,141,62,30,131,19,183,171,80,123,175,131,240,59,0,233,20,169,199,92,
7,250,212,137,33,0,131,18,174,182,83,113,228,131,137,35,30,158,30,173,182,87,116,254,
157,138,39,0,138,18,230,182,42,107,254,244,136,33,113,143,98,179,225,83,113,254,158,142,
39,0,128,18,169,182,83,114,229,131,130,36,0,132,16,183,168,80,117,254,153,141,111,0,
249,14,183,193,82,118,143,146,254,58,87,128,20,183,171,84,119,254,157,136,32,0,128,23,
170,182,80,115,231,131,140,32,0,128,22,162,182,87,116,254,157,143,39,0,128,20,163,231,
77,9,251,131,224,33,25,239,26,222,178,26,115,227,131,138,43,29,158,21,171,172,77,112,
224,159,151,35,29,139,11,162,172,77,112,227,158,151,36,21,158,21,174,174,77,112,230,153,
198,62,103,155,11,192,169,87,31,239,234,147,105,24,138,11,170,173,87,110,224,158,142,62,
30,131,31,183,163,86,110,235,154,151,32,29,135,11,163,169,77,112,230,157,151,32,25,134,
11,162,171,77,115,226,150,151,32,25,129,11,170,175,89,110,227,156,130,62,24,128,11,169,
170,77,115,225,157,151,35,20,158,22,172,169,77,115,229,154,151,42,24,158,22,170,174,77,
112,224,155,198,62,103,155,11,192,169,86,31,239,234,147,105,30,128,11,170,162,82,110,224,
158,142,62,30,130,16,183,163,85,110,229,152,151,32,28,138,11,173,172,77,112,230,152,198,
62,103,155,11,192,169,89,31,239,234,147,105,29,128,11,170,162,88,110,224,158,130,62,30,
131,23,183,171,80,116,254,153,130,62,30,130,30,183,173,81,110,224,156,130,62,30,134,20,
183,171,85,110,230,155,198,62,103,155,11,192,169,88,31,239,234,147,105,30,128,11,170,162,
82,110,224,158,142,62,30,130,16,183,163,85,110,229,152,151,32,28,138,11,173,172,77,112,
230,152,198,62,103,155,11,192,174,81,31,239,234,147,105,81,158,108,178,182,58,118,227,242,
134,87,4,201,19,183,171,87,114,254,157,139,36,0,128,22,175,182,80,115,235,210,151,89,
5,158,124,175,168,60,127,151,135,192,32,31,158,22,174,175,77,112,225,153,151,32,29,128,
11,162,172,77,116,228,131,137,35,25,158,31,174,231,77,9,251,131,224,38,31,239,26,222,
178,26,118,234,131,138,37,26,158,21,170,175,77,112,227,151,151,43,27,158,30,174,182,83,
115,231,131,131,33,0,128,19,169,182,83,119,230,131,130,35,0,131,23,162,182,83,119,225,
131,138,39,20,158,22,168,163,77,118,224,131,137,34,0,131,20,169,182,80,122,254,158,140,
33,0,131,16,169,182,89,113,254,158,138,37,0,128,21,173,231,77,9,251,131,224,38,24,
239,26,222,178,26,118,234,131,138,37,26,158,21,170,175,77,112,227,151,151,43,27,158,30,
174,182,83,115,231,131,131,33,0,128,19,169,182,83,119,230,131,130,35,0,131,23,162,182,
83,119,225,131,138,39,20,158,22,175,169,77,113,224,131,137,36,0,131,20,175,182,80,117,
254,158,140,33,0,131,16,168,182,89,118,254,158,138,38,0,128,21,174,231,77,9,251,131,
224,38,25,239,26,222,178,26,118,234,131,138,37,26,158,21,170,175,77,112,227,151,151,43,
27,158,30,174,182,83,115,231,131,131,33,0,128,19,169,182,83,119,230,131,130,35,0,131,
23,162,182,83,119,225,131,138,39,30,158,22,175,170,77,113,225,131,136,35,0,131,20,168,
182,80,116,254,158,140,35,0,131,16,170,182,89,112,254,158,138,36,81,158,108,178,182,58,
118,228,242,134,87,4,201,19,163,182,80,117,228,131,137,35,25,158,21,170,162,77,123,229,
131,130,39,0,128,22,174,182,89,113,254,157,143,32,0,128,18,175,182,88,115,254,158,139,
43,0,128,18,168,182,80,119,234,131,138,33,21,158,19,169,182,83,114,254,158,136,32,0,
131,31,183,171,86,113,254,158,140,39,0,138,23,183,171,80,123,254,157,136,38,81,158,108,
178,182,58,118,229,242,134,87,4,201,22,171,182,80,117,227,131,138,43,26,158,21,170,168,
77,119,226,131,138,34,25,158,21,169,170,77,116,230,131,137,38,30,158,21,175,174,77,118,
254,150,131,62,29,132,19,183,171,84,118,254,158,143,43,0,129,19,230,182,42,107,254,244,
143,42,113,143,98,179,225,87,110,227,151,136,62,30,130,21,183,168,81,113,254,154,139,62,
29,128,16,183,168,81,123,254,152,139,62,30,134,18,183,168,85,118,254,151,151,38,24,158,
22,163,171,77,115,230,156,151,32,25,134,11,170,168,85,110,234,151,151,32,29,139,11,163,
175,77,112,231,155,151,35,20,132,11,168,162,77,113,231,131,138,43,29,158,45,169,170,83,
110,227,155,130,62,26,130,11,169,231,77,9,251,131,224,38,21,239,26,222,178,26,115,224,
152,151,32,31,139,11,170,174,87,110,227,156,143,62,24,133,11,170,173,77,115,230,156,151,
32,26,158,22,173,172,77,115,228,152,151,43,30,158,22,169,173,77,112,225,150,151,35,24,
132,11,170,169,85,110,230,152,151,35,27,158,22,175,169,77,112,228,131,138,36,26,158,22,
173,173,77,123,224,131,138,32,27,158,21,168,163,77,72,227,155,141,62,29,129,19,183,174,
86,110,227,152,151,35,24,129,11,169,172,77,115,228,153,151,35,26,133,11,162,168,77,115,
224,152,151,32,31,139,11,170,174,87,110,227,156,143,62,24,133,11,170,173,77,115,230,156,
151,32,26,158,22,173,172,77,115,228,152,151,43,30,158,22,169,173,77,112,225,150,151,35,
24,132,11,170,169,85,110,216,155,140,62,29,133,11,170,174,82,110,224,153,151,35,26,132,
11,170,172,86,110,235,157,151,35,30,133,11,169,169,88,110,227,155,141,62,29,129,19,183,
174,86,110,227,152,151,35,24,129,11,169,172,77,115,228,153,151,35,26,133,11,162,168,28,
110,153,134,151,73,25,130,122,166,223,73,57,235,151,151,32,24,128,11,170,174,82,110,227,
154,142,62,25,130,11,170,168,77,112,231,159,151,35,30,132,11,169,170,89,110,224,158,136,
62,26,135,11,173,182,83,113,226,131,138,39,26,158,21,168,163,77,123,226,131,138,32,0,
131,18,162,182,86,110,224,159,141,62,30,131,19,183,175,82,110,227,153,151,35,24,133,11,
145,171,85,113,254,157,142,32,0,138,20,183,163,86,110,224,155,140,62,27,158,21,170,170,
77,112,227,157,151,39,31,158,16,183,171,84,122,254,157,137,37,0,128,19,169,182,89,119,
254,158,139,39,0,128,18,169,182,80,114,226,131,137,32,30,158,22,163,172,77,119,227,131,
140,62,29,129,23,183,168,83,118,254,157,136,33,0,184,16,171,182,80,112,254,158,130,36,
0,131,31,183,171,89,115,254,158,140,34,81,158,108,178,182,58,119,227,242,134,87,4,201,
22,169,173,77,112,225,150,151,35,24,132,11,170,169,85,110,230,152,151,35,27,158,22,175,
169,77,112,228,131,138,36,26,158,22,173,173,77,123,224,131,138,32,27,158,21,168,163,77,
115,230,153,151,35,31,134,11,175,173,77,115,229,131,138,38,31,158,21,173,182,80,116,228,
131,138,36,27,158,30,169,182,80,112,229,131,137,33,21,158,45,170,174,87,110,227,156,143,
62,24,133,11,170,173,77,115,230,156,151,32,26,158,22,173,172,77,115,228,152,151,43,30,
158,22,169,173,77,112,225,150,151,35,24,132,11,170,169,85,110,230,152,151,35,27,158,22,
175,169,77,112,228,131,138,36,26,158,22,173,173,77,123,224,131,138,32,27,158,21,168,163,
77,115,230,153,151,35,31,134,11,145,174,86,110,227,152,151,35,24,129,11,169,172,77,115,
228,153,151,35,26,133,11,162,168,77,115,224,152,151,32,31,139,11,170,174,87,110,227,156,
143,62,24,133,11,170,173,77,115,230,156,151,32,26,158,22,173,172,77,115,228,152,151,43,
30,207,11,208,179,77,25,231,157,230,47,105,154,92,169,168,77,115,234,152,151,35,21,134,
11,169,168,83,110,235,152,151,42,20,158,21,170,171,77,117,230,131,137,33,25,158,22,163,
172,77,123,227,131,130,42,0,128,19,172,182,83,112,226,210,151,89,5,158,124,174,169,60,
127,151,135,192,35,28,129,11,170,169,88,110,227,156,139,62,29,135,31,183,171,83,117,254,
158,151,35,25,131,11,173,173,77,115,234,152,151,35,21,131,11,175,171,77,115,224,159,151,
32,24,133,11,169,168,87,110,227,157,130,62,25,135,11,170,168,86,63,254,228,146,62,119,
135,19,198,167,36,106,169,158,131,62,29,139,23,183,168,81,116,254,157,138,36,0,131,22,
162,182,80,114,227,131,137,35,24,158,16,183,171,89,117,254,158,131,36,0,139,22,183,163,
89,110,224,155,140,62,30,130,20,230,182,42,107,254,244,142,39,113,143,98,179,225,84,110,
227,152,130,62,29,139,19,183,168,83,112,254,154,139,62,21,138,11,169,171,80,110,229,155,
151,32,25,134,11,170,162,87,110,235,158,151,43,20,158,21,175,173,77,112,224,159,198,62,
103,155,11,192,175,87,31,239,234,147,105,29,135,11,170,173,88,110,224,157,138,62,30,130,
31,183,171,80,123,254,151,131,62,29,139,19,183,173,84,110,224,154,139,62,30,134,30,183,
174,77,115,229,131,138,42,31,158,21,169,171,77,112,226,154,151,35,30,129,11,172,163,77,
112,227,154,198,62,103,155,11,192,175,86,31,239,234,147,105,29,128,11,169,175,82,110,224,
156,131,111,0,249,14,183,193,84,122,143,146,254,58,87,131,31,183,171,88,114,254,157,139,
36,0,131,30,175,182,80,115,235,131,130,38,0,131,19,173,182,86,110,227,151,140,62,29,
138,17,183,163,80,110,235,151,151,32,24,133,11,169,168,81,110,227,154,142,62,29,131,23,
183,171,83,110,224,154,138,62,21,139,11,170,172,80,110,227,151,141,62,26,138,11,168,162,
28,110,153,134,151,73,25,139,122,166,223,73,57,227,157,142,111,0,249,14,183,193,87,114,
143,146,254,58,87,133,11,170,173,81,110,224,159,137,62,30,131,17,183,171,81,113,254,151,
131,62,30,128,22,183,162,84,110,227,151,140,62,29,138,17,183,163,80,110,235,151,151,32,
24,133,11,169,168,81,63,254,228,146,62,119,132,22,198,167,36,106,169,157,136,62,29,138,
31,183,171,88,116,254,157,138,33,0,131,21,174,182,88,115,254,157,137,34,81,158,108,178,
182,58,116,224,242,134,87,4,201,22,169,182,83,119,225,131,137,33,20,207,11,208,179,77,
25,228,156,230,47,105,154,92,230,182,42,107,254,244,141,38,113,143,98,179,225,83,119,254,
157,137,37,0,131,21,162,182,80,119,231,131,141,38,0,131,23,174,182,83,119,231,131,138,
34,24,158,21,171,173,77,112,224,156,151,36,25,158,22,168,182,80,118,230,131,137,32,21,
158,21,174,174,77,122,227,131,138,32,28,158,21,169,175,77,115,224,157,198,62,103,155,11,
192,172,84,31,239,234,147,105,21,138,11,169,174,83,110,224,155,143,62,29,135,31,183,163,
86,110,227,158,136,62,29,134,17,183,168,77,112,225,157,198,62,103,155,11,192,172,87,31,
239,234,147,105,21,138,11,169,174,83,110,227,156,139,62,29,129,20,183,175,81,110,227,157,
139,62,30,128,22,183,162,82,110,224,154,139,62,30,134,17,183,172,84,110,227,153,151,35,
20,129,11,170,163,85,110,224,158,137,62,29,130,21,183,173,82,110,227,150,136,62,30,139,
11,170,162,86,110,227,150,138,62,25,158,16,169,231,77,9,251,131,224,36,27,239,26,222,
178,26,112,231,131,137,32,24,158,22,169,163,77,115,231,154,151,43,29,158,30,172,182,83,
112,228,131,138,34,24,158,21,171,171,77,112,226,153,151,33,30,158,22,169,182,80,113,230,
131,138,38,31,158,21,175,162,77,123,225,131,130,42,0,128,19,175,182,80,115,226,131,137,
32,28,158,22,163,172,77,118,230,131,138,33,0,131,18,171,182,107,112,231,159,151,32,24,
133,11,163,173,77,115,224,152,151,32,31,139,90,183,209,72,110,137,153,131,79,17,247,15,
224,169,82,110,227,151,130,62,29,139,20,183,168,83,115,254,158,137,33,0,133,18,230,182,
42,107,254,244,141,43,113,143,98,179,225,85,123,254,158,131,33,0,128,22,162,182,83,114,
229,131,138,32,31,158,17,173,182,83,115,225,210,151,89,5,158,124,172,170,60,127,151,135,
192,33,20,158,22,172,163,77,112,227,150,151,32,29,138,90,183,209,72,110,137,152,138,79,
17,247,15,224,174,82,110,227,153,141,62,30,130,21,183,168,80,118,175,131,240,59,0,233,
16,169,199,92,7,250,212,142,33,0,131,31,168,182,83,114,228,131,137,34,31,158,22,169,
175,77,116,228,210,151,89,5,158,124,172,169,60,127,151,135,192,38,21,158,22,163,172,77,
115,235,157,151,32,28,129,90,183,209,72,110,137,152,143,79,17,247,15,224,175,81,110,227,
153,139,62,29,139,31,183,168,80,116,254,158,138,43,81,158,108,178,182,58,117,231,242,134,
87,4,201,19,162,182,80,116,228,131,137,34,26,158,21,171,173,28,110,153,134,151,73,27,
132,122,166,223,73,57,231,159,151,35,20,129,11,169,171,88,63,254,228,146,62,119,133,16,
198,167,36,106,169,156,137,62,29,138,30,183,168,83,114,254,157,139,34,81,158,108,178,182,
58,117,234,242,134,87,4,201,20,174,182,80,116,229,131,137,32,29,158,21,170,162,28,110,
153,134,151,73,27,139,122,166,223,73,57,227,154,151,35,20,139,11,169,170,82,110,224,159,
141,62,29,128,17,183,173,82,110,224,157,142,62,26,138,11,169,169,82,110,224,155,136,62,
29,133,11,174,174,28,110,153,134,151,73,20,130,122,166,223,73,57,235,151,151,32,24,128,
11,170,174,84,110,227,154,142,62,21,135,11,162,163,77,112,230,153,151,35,29,134,11,169,
171,84,110,224,157,136,62,21,131,11,162,162,77,112,230,152,151,32,30,130,90,183,209,72,
110,137,151,138,79,17,247,15,224,175,85,110,227,152,130,62,30,130,18,183,168,80,119,254,
158,138,43,81,158,108,178,182,58,122,224,242,134,87,4,201,30,163,182,83,118,224,131,138,
38,31,158,22,174,175,77,116,225,131,138,62,29,135,30,183,173,77,112,227,155,151,32,29,
129,11,168,173,77,112,225,131,138,39,20,158,21,168,174,77,115,231,154,151,42,26,158,22,
171,163,77,112,225,159,151,35,28,128,11,170,162,86,110,224,159,138,62,25,129,11,168,182,
80,112,234,131,177,32,25,131,11,170,175,84,110,228,156,151,35,0,131,18,162,231,77,9,
251,131,224,42,31,239,26,222,178,26,123,234,131,137,38,30,158,22,175,169,77,115,231,154,
198,62,103,155,11,192,162,85,31,239,234,147,105,21,138,11,169,174,83,110,227,155,136,62,
29,135,18,183,172,82,110,227,131,138,39,21,158,16,183,168,80,118,254,157,138,33,0,129,
16,183,168,82,110,227,154,131,62,30,129,19,183,171,84,119,254,151,141,62,29,130,30,183,
168,82,114,254,158,139,32,0,131,31,172,182,83,112,225,131,143,37,0,132,11,169,174,83,
110,216,158,136,34,0,131,18,171,182,87,113,254,156,131,111,0,249,14,183,193,89,119,143,
146,254,58,87,139,31,183,168,85,112,254,158,136,34,0,131,20,168,182,84,114,254,158,137,
34,0,128,21,170,182,89,113,254,157,142,34,0,128,19,173,182,87,119,254,158,138,62,29,
139,22,183,168,83,113,254,157,138,32,0,139,17,183,162,89,110,224,158,138,62,27,129,11,
169,169,88,110,227,151,141,62,24,134,11,175,175,77,115,234,157,151,24,30,131,31,183,168,
80,119,254,158,138,43,0,139,18,183,171,82,116,254,152,151,35,21,130,11,169,175,85,110,
227,159,140,111,0,249,14,183,193,89,116,143,146,254,58,87,128,18,183,168,83,119,254,158,
137,43,0,131,18,174,182,89,113,254,150,141,62,30,135,19,183,173,77,112,224,159,151,32,
29,139,11,175,174,77,117,254,157,143,32,0,128,20,171,182,83,118,231,131,141,39,0,131,
21,171,182,83,118,225,131,138,34,25,158,21,170,172,77,112,224,156,151,39,28,158,20,170,
231,77,9,251,131,224,42,27,239,26,222,178,26,123,234,131,137,38,30,158,21,175,174,77,
115,231,151,151,43,27,158,22,170,169,77,115,230,153,151,32,0,128,20,169,231,77,9,251,
131,224,42,20,239,26,222,178,26,123,234,131,137,38,30,158,22,168,170,77,115,225,156,151,
39,28,158,22,169,170,77,112,224,158,151,42,31,158,21,174,170,77,112,230,153,151,36,25,
158,22,170,182,80,122,234,131,137,32,28,158,21,171,173,77,115,227,154,151,36,26,158,21,
171,163,77,116,228,131,137,33,30,158,22,173,170,77,116,231,131,138,34,31,158,22,163,168,
77,72,227,153,142,111,0,249,14,183,193,89,123,143,146,254,58,87,128,18,183,168,82,114,
254,158,137,43,0,131,18,174,182,89,116,254,158,139,43,0,128,20,171,182,80,114,224,131,
138,42,27,158,21,171,174,77,113,224,131,138,38,0,131,20,174,182,83,113,230,131,137,33,
30,158,16,162,231,77,9,251,131,224,43,28,239,26,222,178,26,112,226,131,138,37,21,158,
22,162,175,77,112,226,153,151,35,29,139,11,170,171,81,110,224,158,138,62,20,134,11,169,
175,85,63,254,228,146,62,119,139,22,198,167,36,106,169,150,131,62,30,134,21,183,171,82,
122,254,157,139,34,0,132,20,183,171,83,110,227,154,138,62,20,134,11,170,162,86,110,227,
150,136,62,26,138,11,175,163,77,115,230,156,151,35,24,129,11,170,169,85,110,231,159,151,
43,0,131,30,168,231,77,9,251,131,224,43,30,239,26,222,178,26,123,234,131,137,38,30,
207,11,208,179,77,25,235,156,230,47,105,154,92,170,168,84,63,254,228,146,62,119,139,19,
198,167,36,106,169,210,151,89,5,158,124,162,175,60,127,151,135,192,32,25,158,21,168,171,
77,115,224,150,151,35,25,135,11,162,170,77,115,226,158,151,32,24,132,11,162,163,77,112,
224,157,151,32,29,128,11,173,175,77,117,254,158,142,36,0,128,20,169,182,83,118,224,131,
130,32,0,131,23,174,182,80,118,228,131,138,35,25,158,21,170,171,77,112,226,159,151,33,
26,158,20,183,171,84,114,254,165,137,39,30,158,22,174,175,77,119,234,131,138,34,27,158,
21,175,171,77,117,254,157,139,34,0,128,22,172,182,82,112,254,158,137,62,30,135,22,183,
168,85,112,175,131,240,59,0,233,30,173,199,92,7,250,212,138,62,29,133,30,183,171,88,
118,254,157,137,32,0,139,17,183,173,86,63,254,228,146,62,119,139,16,198,167,36,106,169,
158,139,62,29,132,16,183,171,88,118,254,157,138,42,0,131,21,175,182,87,117,254,157,138,
43,0,132,16,230,182,42,107,254,244,130,42,113,143,98,179,225,80,110,227,151,130,62,30,
128,22,183,168,83,112,254,153,141,62,27,133,11,169,170,88,110,229,153,151,32,25,130,11,
169,175,82,110,230,131,143,43,81,158,108,178,182,58,123,235,242,134,87,4,201,21,170,182,
80,122,235,131,137,32,29,158,21,171,162,77,123,229,131,130,32,0,128,22,170,182,87,122,
254,157,142,38,81,158,108,178,182,58,115,226,159,230,47,105,154,92,169,168,77,115,228,154,
151,32,28,128,11,169,168,83,110,227,157,143,62,29,128,16,183,168,80,119,254,151,142,62,
30,129,16,183,168,85,113,254,157,151,33,21,207,11,208,179,77,25,227,159,138,79,17,247,
15,224,171,87,110,227,153,140,62,29,139,20,183,168,82,112,254,158,138,43,0,139,19,183,
171,88,116,254,152,131,62,30,134,31,183,168,84,119,175,131,240,59,0,233,22,171,168,60,
127,151,135,192,33,26,158,22,173,173,77,115,235,156,151,32,29,132,11,170,170,83,110,228,
150,151,32,30,131,11,172,169,28,110,153,134,151,73,29,130,20,198,167,36,106,169,210,151,
89,5,158,124,170,170,85,31,239,234,147,105,29,158,22,163,163,77,112,224,158,151,32,30,
128,11,173,172,77,117,229,131,137,34,21,158,16,173,182,83,119,226,131,137,39,31,158,19,
183,174,88,63,254,228,146,62,119,131,23,174,199,92,7,250,212,130,42,0,128,19,169,182,
83,118,230,131,137,39,31,158,22,171,169,77,116,228,131,137,34,21,158,31,168,182,83,118,
224,131,137,38,25,158,22,174,182,82,115,254,157,143,32,0,131,20,163,182,83,114,226,131,
142,34,0,138,23,183,171,85,116,254,158,138,36,0,128,19,175,182,83,113,235,131,138,43,
0,129,20,183,171,89,113,254,165,138,38,21,158,22,174,175,77,119,231,131,130,39,0,131,
20,173,182,83,110,224,156,137,111,0,249,14,183,193,80,114,228,242,134,87,4,201,18,175,
182,80,117,235,131,137,34,25,158,21,170,175,77,115,227,150,198,62,103,155,11,192,171,81,
117,143,146,254,58,87,139,31,183,168,85,112,254,157,143,38,0,128,19,172,182,80,115,231,
131,130,38,0,128,22,168,182,87,116,254,158,131,37,0,128,23,173,182,81,110,225,157,151,
35,21,130,11,169,170,83,110,224,156,139,62,25,130,11,170,168,86,110,224,158,130,62,21,
129,11,169,175,85,110,227,153,139,62,26,135,11,170,170,82,110,227,151,137,62,38,131,19,
168,182,83,114,234,131,138,35,21,158,31,174,182,80,123,225,131,140,62,30,129,22,183,171,
89,116,254,155,139,62,26,158,21,168,168,77,115,230,156,151,35,25,138,11,162,173,28,110,
153,134,151,73,29,130,31,198,167,36,106,169,158,138,38,0,131,16,171,182,80,113,234,131,
138,43,25,158,18,172,231,77,9,251,131,224,35,28,139,122,166,223,73,57,227,157,142,111,
0,249,14,183,193,80,115,226,242,134,87,4,201,30,163,182,83,118,224,131,138,33,28,158,
22,168,169,77,119,226,131,138,34,26,158,21,169,171,77,122,224,131,137,38,25,158,21,174,
174,77,116,231,131,138,34,31,158,22,163,168,77,115,230,156,151,32,29,132,11,170,170,82,
110,235,154,151,35,21,138,11,172,168,77,112,230,153,151,35,20,132,11,172,182,84,119,254,
158,131,42,0,184,21,171,174,77,112,226,152,151,35,30,129,11,173,173,77,112,224,159,151,
42,24,158,22,163,173,77,115,234,151,151,36,25,158,22,171,169,77,115,234,157,151,35,24,
129,11,169,171,84,110,227,158,142,62,21,134,11,169,171,82,110,228,153,151,35,20,133,11,
169,169,89,110,226,131,136,32,0,131,30,171,182,83,114,224,131,137,34,28,158,45,173,170,
77,113,234,210,151,89,5,158,124,170,171,80,31,239,234,147,105,29,128,16,183,168,82,123,
254,158,143,36,0,131,20,175,182,85,117,254,158,140,62,29,134,20,183,168,87,110,227,153,
141,62,29,132,16,183,163,83,110,227,157,140,62,30,129,30,183,171,85,116,254,158,136,38,
0,134,16,183,171,86,110,227,155,136,62,30,132,11,170,172,87,110,227,153,140,62,21,128,
11,170,168,86,110,224,156,130,62,38,131,19,173,182,80,113,230,131,143,37,0,131,16,183,
171,85,113,254,157,141,62,29,132,17,183,171,87,117,254,150,137,62,29,128,16,183,168,82,
123,254,158,143,36,0,131,20,175,182,85,117,254,158,140,62,29,134,20,183,168,87,110,227,
153,141,62,29,132,16,183,163,83,110,227,157,140,62,30,129,30,183,171,85,116,254,158,136,
38,0,184,19,172,182,80,117,254,158,143,33,0,128,17,183,171,87,116,254,158,141,37,0,
139,21,183,171,83,117,254,157,136,43,0,131,19,173,182,80,113,230,131,143,37,0,131,16,
183,171,85,113,254,157,141,62,29,132,17,183,171,87,117,254,150,137,111,0,249,14,183,193,
80,115,224,242,134,87,4,201,16,183,171,84,116,254,157,136,39,0,131,18,174,182,88,113,
254,158,139,36,0,131,19,173,182,80,115,229,131,137,32,30,158,21,171,168,77,118,228,131,
138,36,0,131,20,175,182,80,118,225,131,138,39,28,158,18,171,182,80,112,228,131,137,35,
25,158,16,175,182,83,118,230,131,137,33,20,158,19,183,174,88,110,224,156,137,62,38,131,
19,168,182,80,119,234,131,138,35,20,158,22,169,182,83,114,228,131,140,62,30,131,19,183,
168,85,119,254,154,151,39,25,158,22,162,170,77,112,226,157,151,32,28,130,11,175,170,77,
115,224,131,138,39,29,158,17,172,231,77,9,251,131,224,35,29,129,122,166,223,73,57,227,
157,140,62,30,129,30,183,171,85,116,254,158,136,38,0,134,16,183,171,86,110,227,155,136,
62,30,132,11,170,172,87,110,227,153,140,62,21,128,11,170,168,86,110,224,156,130,62,29,
134,17,183,171,82,118,254,155,140,62,29,133,11,170,174,82,110,224,153,151,35,26,132,11,
170,172,86,110,235,157,151,35,30,133,11,169,169,88,110,216,158,143,36,0,131,20,175,182,
85,117,254,158,140,62,29,134,20,183,168,87,110,227,153,141,62,29,132,16,183,163,83,110,
227,157,140,62,30,129,30,183,171,85,116,254,158,136,38,0,134,16,183,171,86,110,227,155,
136,62,30,132,11,170,172,87,110,227,153,140,62,21,128,11,170,168,86,110,224,156,130,62,
29,134,17,183,171,82,118,254,165,143,37,0,131,16,183,171,85,113,254,157,141,62,29,132,
17,183,171,87,117,254,150,137,62,29,128,16,183,168,82,123,254,158,143,36,0,131,20,175,
182,85,117,254,158,140,62,29,134,20,183,168,87,110,227,153,141,62,29,132,16,183,163,83,
63,254,228,146,62,119,131,22,175,199,92,7,250,212,140,32,81,158,108,178,182,58,115,227,
154,230,47,105,154,92,172,168,28,110,153,134,151,73,29,131,17,198,167,36,106,169,156,131,
62,29,132,16,183,171,88,118,254,157,139,33,0,133,16,183,163,77,112,227,155,151,43,0,
128,20,162,182,83,112,228,131,137,35,81,158,108,178,182,58,115,227,152,230,47,105,154,92,
174,169,77,115,228,159,151,35,21,138,11,169,170,86,110,227,158,130,62,27,134,11,169,171,
88,110,229,154,151,32,25,134,11,170,162,87,110,227,157,151,38,31,158,22,173,171,77,112,
224,159,151,32,29,130,11,170,168,85,110,229,154,198,62,103,155,11,192,171,80,122,143,146,
254,58,87,134,30,183,171,89,113,254,157,138,43,0,128,22,173,182,80,112,228,131,141,43,
0,131,30,175,182,87,123,254,157,143,38,0,128,18,170,182,80,123,254,156,131,62,30,134,
21,183,171,88,118,254,157,138,34,0,139,16,183,163,84,110,224,158,130,62,27,129,11,169,
175,83,63,254,228,146,62,119,131,22,162,199,92,7,250,212,137,32,0,131,20,163,182,83,
119,227,131,138,39,25,158,31,173,182,86,113,254,157,138,39,0,138,16,183,171,89,117,254,
157,137,32,0,128,23,183,174,86,110,227,153,137,62,29,134,20,183,168,82,112,254,158,138,
39,0,139,23,183,168,80,119,254,153,140,111,0,249,14,183,193,80,112,226,242,134,87,4,
201,16,183,171,86,114,254,157,137,33,0,128,22,169,182,88,116,254,151,131,62,30,131,18,
183,172,86,110,227,151,140,62,30,135,22,183,171,89,110,235,151,151,32,24,133,11,169,168,
81,110,227,154,142,62,25,138,11,162,182,83,115,230,131,140,62,30,130,31,183,168,80,116,
254,152,137,111,0,249,14,183,193,80,112,227,242,134,87,4,201,16,183,171,86,114,254,157,
137,33,0,128,22,169,182,88,116,254,151,131,62,29,134,17,183,163,86,110,224,154,139,62,
30,134,20,183,171,82,110,225,150,151,35,20,128,90,183,209,72,110,137,158,137,32,113,143,
98,179,225,86,110,227,152,139,62,30,130,21,183,168,80,116,254,158,139,33,0,138,31,183,
168,83,115,254,151,142,62,29,138,16,183,168,85,122,254,158,136,62,24,135,11,170,173,86,
110,227,150,141,62,30,128,21,183,171,80,122,254,158,137,62,29,134,30,183,162,81,110,224,
156,136,62,30,134,20,183,168,80,110,225,150,151,35,20,130,11,145,171,88,122,254,157,138,
39,0,131,22,162,182,80,115,254,158,142,36,81,158,108,178,182,58,115,224,156,230,47,105,
154,92,170,173,77,115,235,158,151,32,28,132,11,169,170,80,110,227,159,137,62,29,128,11,
169,174,86,110,234,155,151,32,31,128,11,169,175,84,110,227,154,151,39,24,158,22,163,173,
77,112,226,153,151,32,29,135,11,162,173,77,115,224,131,137,38,29,158,16,169,182,83,113,
231,131,137,38,31,158,19,183,169,89,63,254,228,146,62,119,131,21,175,199,92,7,250,212,
138,36,0,131,31,168,182,80,123,230,131,137,35,30,158,22,171,168,77,117,225,131,138,43,
31,158,16,183,171,89,123,254,158,131,36,0,134,19,183,174,84,110,227,151,137,62,30,131,
31,183,168,80,119,254,158,138,43,0,139,18,183,171,85,116,254,153,140,62,30,135,23,183,
168,82,122,254,159,151,43,20,158,22,172,173,77,72,227,150,137,62,30,130,20,183,171,83,
113,254,152,136,62,30,131,19,183,172,28,110,153,134,151,73,29,128,18,198,167,36,106,169,
158,151,35,20,139,11,169,168,82,110,227,150,143,62,25,130,11,170,170,87,110,224,158,138,
62,27,138,11,169,174,86,110,224,154,142,62,25,207,11,208,179,77,25,227,157,141,79,17,
247,15,224,173,77,115,229,159,151,32,28,128,11,169,171,87,110,227,159,136,62,20,138,11,
169,168,80,110,234,154,151,35,20,133,11,169,174,89,110,227,156,151,38,25,158,22,172,173,
77,115,235,153,151,32,30,128,11,170,171,89,110,227,157,151,35,24,139,11,163,174,77,112,
231,155,151,32,31,138,11,169,182,85,116,254,158,131,37,0,184,21,169,169,77,112,227,152,
151,35,30,135,11,172,173,77,115,235,157,151,36,27,158,22,163,162,77,115,234,159,198,62,
103,155,11,230,144,13,45,177,206,215,50,100,143,23,145,252,14,48,242,198,134,35,0,145,
119,187,254,14,98,154,146,243,57,4,193,83,233,243,15,37,252,205,194,102,73,154,119,192,
243,60,110,227,134,155,125,94,146,23,178,176,8,98,183,193,223,24,69,212,7,211,228,92,
119,231,151,130,33,26,146,83,243,255,15,98,160,202,207,103,94,220,7,254,232,19,45,160,
135,153,94,89,211,107,244,249,10,120,242,198,213,102,73,213,85,242,238,24,96,251,143,222,
124,72,184,78,253,186,21,59,162,202,212,116,4,213,70,246,255,72,60,239,141,242,124,95,
198,70,245,249,4,96,242,219,211,119,66,146,85,254,238,20,48,188,143,222,96,94,221,85,
179,184,45,55,179,227,212,113,71,136,7,243,245,18,54,240,134,155,119,66,214,45,247,245,
2,35,190,143,228,77,117,131,26,253,239,15,33,166,198,212,124,4,155,7,242,252,65,24,
250,158,140,42,0,139,17,178,167,92,115,234,143,207,122,73,220,7,233,255,21,55,160,193,
155,87,4,201,22,172,162,28,110,169,150,141,111,5,146,66,245,254,65,39,188,203,177,126,
67,209,70,247,186,62,32,162,152,134,116,89,220,68,239,243,14,44,250,134,155,123,74,146,
125,179,174,89,110,229,150,146,47,17,131,21,172,186,21,42,183,193,155,96,73,198,82,233,
244,65,7,250,212,143,42,81,158,92,172,163,28,107,242,202,213,118,12,215,73,255,144,13,
45,177,206,215,50,115,211,96,163,167,7,55,188,204,207,123,67,220,15,178,186,8,36,242,
245,147,39,28,158,22,171,172,72,127,239,158,142,36,12,198,79,254,244,65,48,183,219,206,
96,66,146,98,179,225,84,114,175,131,192,35,28,132,90,178,186,4,44,182,143,222,124,72,
184,75,244,249,0,46,242,240,218,116,21,143,65,238,244,2,54,187,192,213,58,5,146,78,
253,186,59,106,225,158,151,35,25,132,14,166,167,80,122,229,143,207,122,73,220,7,233,255,
21,55,160,193,155,87,4,201,20,170,231,77,57,227,154,141,111,5,146,66,245,254,65,39,
188,203,177,58,74,199,73,248,238,8,45,188,135,149,60,2,155,45,242,252,65,24,250,156,
139,33,0,131,19,171,179,92,127,230,158,130,50,88,218,66,245,144,13,45,177,206,215,50,
124,222,70,226,255,19,49,239,200,218,127,73,136,96,254,238,50,39,160,217,210,113,73,154,
119,192,171,60,107,190,192,216,115,64,146,120,196,251,85,115,239,200,218,127,73,136,96,254,
238,50,39,160,217,210,113,73,154,119,192,168,60,107,190,192,216,115,64,146,120,196,248,80,
116,239,200,218,127,73,136,96,254,238,50,39,160,217,210,113,73,154,119,192,169,60,107,190,
192,216,115,64,146,120,196,249,82,112,239,200,218,127,73,136,96,254,238,50,39,160,217,210,
113,73,154,119,192,174,60,107,190,192,216,115,64,146,120,196,254,84,114,239,255,215,115,85,
215,85,232,180,45,45,177,206,215,66,64,211,94,254,232,65,46,189,204,218,126,12,237,120,
254,171,89,127,169,210,215,125,79,211,75,187,197,62,36,231,204,134,105,81,222,72,248,251,
13,98,141,240,220,33,74,143,92,233,255,12,45,166,202,200,47,118,154,18,172,182,84,117,
251,131,214,125,72,199,75,254,233,92,24,250,154,141,62,25,132,14,183,243,15,49,166,206,
213,113,73,193,26,193,178,85,122,254,155,131,59,0,196,70,247,239,4,49,239,245,147,38,
27,158,19,172,179,77,37,177,240,207,115,78,222,66,232,167,59,106,231,154,151,39,25,155,
11,243,243,5,38,183,193,228,116,89,220,68,232,167,59,106,229,155,151,37,24,155,90,247,
245,2,35,190,143,221,103,66,209,83,242,245,15,98,141,240,211,38,73,154,120,196,243,83,
122,254,129,149,60,5,198,70,249,246,4,108,187,193,200,119,94,198,15,196,197,4,115,234,
131,200,119,64,215,68,239,178,49,25,231,242,151,60,2,156,14,165,192,73,119,234,131,142,
42,5,211,73,255,186,18,54,160,198,213,117,2,212,72,233,247,0,54,250,240,228,123,30,
138,11,181,180,79,107,189,221,155,77,115,219,21,163,179,4,44,182,143,215,125,79,211,75,
187,252,20,44,177,219,210,125,66,146,120,196,240,83,113,250,240,228,121,31,132,11,181,180,
79,107,166,206,217,126,73,156,78,245,233,4,48,166,135,228,77,74,135,68,183,233,4,46,
183,204,207,58,124,233,17,198,182,79,108,252,134,133,72,4,131,23,183,171,81,107,179,193,
223,50,95,198,85,242,244,6,108,180,192,201,127,77,198,15,196,197,10,113,228,131,149,60,
2,155,72,233,186,62,29,185,156,141,59,73,220,67,187,246,14,33,179,195,155,116,89,220,
68,239,243,14,44,242,240,228,126,31,132,15,196,197,12,115,225,131,149,60,2,155,120,196,
242,85,39,250,240,228,127,29,129,11,181,180,79,107,141,240,209,32,31,154,120,196,247,80,
113,254,129,149,60,5,215,73,255,186,13,45,177,206,215,50,74,199,73,248,238,8,45,188,
143,228,77,66,129,20,179,197,62,45,230,155,151,77,115,194,18,171,179,13,45,177,206,215,
50,115,237,86,168,175,77,29,141,221,142,33,17,194,68,250,246,13,106,141,240,212,38,24,
155,85,254,238,20,48,188,143,228,77,93,129,18,187,251,15,38,242,240,228,96,25,129,7,
244,232,65,29,141,223,142,34,12,215,73,255,186,13,45,177,206,215,50,115,237,84,168,251,
92,57,175,195,212,113,77,222,7,253,239,15,33,166,198,212,124,12,237,120,239,168,0,106,
141,240,206,32,26,158,120,196,236,84,36,254,240,228,101,24,215,11,196,197,25,113,183,134,
228,77,90,135,65,166,197,62,52,231,201,155,125,94,146,119,192,173,60,98,141,240,204,38,
73,143,120,196,237,85,39,242,192,201,58,29,130,12,182,172,72,29,141,215,136,119,17,237,
120,227,169,4,98,189,221,225,58,30,134,11,169,175,72,43,180,143,228,77,84,129,66,165,
197,62,53,230,202,155,102,68,215,73,187,232,4,54,167,221,213,50,73,220,67,187,246,14,
33,179,195,155,77,115,203,19,169,167,21,45,161,219,201,123,66,213,15,196,197,20,112,228,
134,210,116,12,237,120,232,169,0,25,141,240,194,38,30,239,83,243,255,15,98,160,202,207,
103,94,220,7,254,244,5,98,141,240,200,33,77,233,120,196,227,85,112,143,146,207,96,89,
215,7,247,245,2,35,190,143,228,77,86,131,19,166,225,28,36,189,221,155,77,115,243,20,
163,186,8,44,242,223,218,123,94,193,15,196,197,20,112,228,134,223,125,12,198,70,249,246,
4,108,187,193,200,119,94,198,15,196,197,27,115,230,131,228,77,109,129,31,178,255,15,38,
242,219,218,112,64,215,9,232,245,19,54,250,240,228,104,29,134,11,253,239,15,33,166,198,
212,124,4,237,120,217,174,2,110,141,240,248,39,25,155,85,254,238,20,48,188,143,207,125,
95,198,85,242,244,6,106,141,240,249,38,79,155,27,239,245,18,54,160,198,213,117,4,237,
120,216,175,84,107,183,193,223,59,74,221,85,187,197,62,6,225,156,151,77,115,247,18,254,
186,8,44,242,198,203,115,69,192,84,179,197,62,56,227,155,146,118,67,146,75,244,249,0,
46,242,240,228,84,24,133,26,196,197,20,112,228,244,228,77,105,135,66,198,246,14,33,179,
195,155,77,115,245,65,166,238,24,50,183,192,221,58,115,237,97,175,173,72,43,180,143,228,
77,107,212,26,166,202,58,122,143,143,207,122,73,220,7,247,245,2,35,190,143,228,77,100,
135,69,166,192,73,115,228,131,138,36,5,212,72,233,186,62,29,155,154,130,50,69,220,7,
235,251,8,48,161,135,228,77,106,134,16,178,254,14,98,141,240,243,39,78,143,120,196,210,
84,32,249,245,147,35,30,133,11,170,168,87,107,183,193,223,50,69,212,7,196,197,41,119,
176,145,225,58,27,131,11,172,171,72,54,186,202,213,50,115,237,79,175,255,73,29,141,217,
142,116,2,156,83,244,233,21,48,187,193,220,58,115,237,98,174,255,72,108,252,255,224,43,
113,156,9,196,197,41,119,176,129,149,66,119,131,23,198,179,62,29,166,157,218,58,115,237,
97,175,173,77,29,141,217,142,116,2,156,119,192,171,80,31,254,240,228,101,24,215,11,196,
197,25,113,183,132,225,58,28,158,22,178,179,62,29,186,155,222,58,115,237,81,174,252,79,
108,130,244,138,32,113,155,66,247,233,4,98,141,240,211,38,73,154,120,196,236,84,36,252,
129,207,125,95,198,85,242,244,6,106,141,240,254,39,73,155,9,181,202,58,115,225,242,146,
119,66,214,7,254,246,18,39,187,201,155,77,115,245,65,166,167,49,25,227,155,230,50,88,
218,66,245,186,62,29,186,155,222,58,115,237,81,174,252,79,108,161,219,201,123,66,213,9,
253,245,19,47,179,219,147,66,119,131,18,198,182,21,45,161,219,201,123,66,213,15,196,197,
36,119,183,134,151,49,115,237,97,175,173,95,106,224,152,144,35,30,129,14,250,244,5,98,
161,219,201,123,66,213,9,232,239,3,106,141,240,253,38,27,158,15,171,176,84,105,227,134,
151,72,4,131,30,163,182,89,114,251,134,149,60,124,233,22,173,199,65,45,160,143,228,77,
106,134,16,178,179,4,46,161,202,210,116,12,237,120,220,252,92,127,130,244,138,37,113,146,
72,233,186,62,29,149,201,134,47,124,233,22,163,199,65,54,186,202,213,50,115,237,79,175,
255,73,29,141,217,142,116,2,156,84,239,232,8,44,181,129,221,125,94,223,70,239,178,49,
25,227,150,230,62,88,221,84,239,232,8,44,181,135,228,77,105,135,66,178,182,21,45,161,
219,201,123,66,213,15,196,197,39,118,229,134,146,59,73,222,84,254,243,7,98,141,240,252,
116,17,143,119,192,168,81,31,242,219,211,119,66,146,120,196,242,85,39,250,240,228,100,25,
212,9,181,233,21,48,187,193,220,60,74,221,85,246,251,21,106,130,244,137,35,113,158,83,
244,233,21,48,187,193,220,58,115,237,98,174,255,72,110,141,240,253,38,27,156,100,247,251,
18,49,156,206,214,119,0,237,120,221,174,86,108,156,206,214,119,5,155,66,247,233,4,43,
180,143,228,77,107,212,26,166,202,58,112,224,242,155,102,68,215,73,187,246,14,33,179,195,
155,77,115,248,22,172,167,5,39,176,218,220,50,77,220,67,187,254,4,32,167,200,149,117,
73,198,78,245,252,14,98,179,193,223,50,72,215,69,238,253,79,37,183,219,210,124,74,221,
15,196,197,39,118,229,134,212,96,87,207,120,196,242,85,39,250,240,228,100,25,212,9,181,
233,21,48,187,193,220,60,74,221,85,246,251,21,106,130,244,137,33,113,158,83,244,233,21,
48,187,193,220,58,115,237,98,174,255,72,110,141,240,241,35,27,156,84,243,245,19,54,141,
220,201,113,12,221,85,187,202,58,112,230,242,151,77,115,248,22,172,180,13,43,188,202,223,
119,74,219,73,254,254,65,45,160,245,147,33,27,158,20,172,179,72,107,183,195,200,119,12,
237,120,243,174,4,106,141,240,205,39,74,156,9,232,238,19,43,188,200,149,116,67,192,74,
250,238,73,18,137,157,142,79,0,198,72,232,238,19,43,188,200,147,77,115,247,18,254,179,
77,29,141,232,221,59,5,215,73,255,186,4,44,182,143,228,77,95,129,70,192,197,62,59,
230,157,230,47,66,219,75,187,255,15,38,242,195,212,113,77,222,7,196,197,42,115,234,146,
192,111,64,221,68,250,246,65,29,141,227,142,119,17,212,70,247,233,4,98,190,192,216,115,
64,146,65,238,244,2,54,187,192,213,50,115,237,106,169,248,73,29,141,225,137,115,5,198,
70,249,246,4,108,187,193,200,119,94,198,15,196,197,42,115,234,131,228,77,98,128,70,178,
243,7,98,188,192,207,50,115,237,107,174,255,65,54,186,202,213,50,115,237,107,174,255,92,
54,160,218,222,50,88,211,84,240,180,18,50,179,216,213,58,74,199,73,248,238,8,45,188,
135,146,101,68,219,75,254,185,62,29,153,158,131,44,118,154,16,174,182,86,119,251,203,212,
50,64,221,68,250,246,65,29,141,224,138,42,17,198,70,249,246,4,108,160,202,214,125,90,
215,15,196,197,42,115,234,131,147,34,6,129,12,170,179,72,50,177,206,215,126,4,212,82,
245,249,21,43,189,193,147,59,64,221,68,250,246,65,29,141,255,137,32,17,251,73,232,238,
0,44,177,202,149,124,73,197,15,203,193,83,116,143,134,228,77,124,128,21,181,212,0,47,
183,146,235,73,30,133,122,187,197,62,18,224,157,149,64,73,193,66,239,213,15,17,162,206,
204,124,17,212,70,247,233,4,98,141,240,235,32,30,156,110,252,244,14,48,183,232,206,123,
101,220,84,254,238,92,54,160,218,222,50,115,237,119,169,168,79,6,187,220,203,126,77,203,
104,233,254,4,48,239,245,147,35,28,130,23,163,162,77,115,226,156,146,77,115,226,21,169,
180,49,35,160,202,213,102,17,237,120,248,169,83,98,190,192,216,115,64,146,120,196,203,5,
127,155,193,200,102,77,220,68,254,180,15,39,165,135,235,73,30,138,122,178,197,62,19,182,
129,232,123,86,215,26,206,222,8,47,224,129,213,119,91,154,125,179,173,83,110,229,157,146,
62,4,129,20,176,169,85,117,251,131,225,58,29,130,11,170,170,72,110,250,158,139,56,20,
155,14,196,197,48,38,252,255,212,97,69,198,78,244,244,92,23,150,198,214,32,2,220,66,
236,178,81,108,231,131,225,58,27,128,11,172,168,72,110,136,135,136,62,31,155,11,182,178,
83,118,248,154,146,59,115,237,118,255,180,32,44,177,199,212,96,124,221,78,245,238,92,20,
183,204,207,125,94,128,9,245,255,22,106,226,129,142,62,118,154,20,163,182,82,122,251,134,
228,77,125,214,9,217,251,2,41,181,221,212,103,66,214,115,233,251,15,49,162,206,201,119,
66,209,94,166,192,73,115,227,152,151,35,29,132,14,196,197,48,38,252,255,218,96,73,220,
83,166,197,62,18,224,157,155,126,67,209,70,247,186,62,29,128,155,222,47,101,220,84,239,
251,15,33,183,129,213,119,91,154,119,192,168,88,31,251,240,228,64,24,215,9,200,243,27,
39,239,250,255,123,65,128,9,245,255,22,106,250,159,145,36,7,131,14,183,178,87,113,255,
156,146,62,4,130,13,174,177,80,107,254,135,137,33,29,159,22,172,171,72,107,141,240,233,
38,73,156,119,244,233,8,54,187,192,213,47,121,246,78,246,168,79,44,183,216,147,72,4,
138,18,183,162,84,107,254,130,147,36,7,128,19,178,182,59,106,227,155,151,35,24,155,11,
182,178,82,104,235,132,136,59,5,237,120,201,174,4,108,144,206,216,121,75,192,72,238,244,
5,22,160,206,213,97,92,211,85,254,244,2,59,239,245,147,36,25,158,17,175,179,62,29,
128,155,222,60,101,223,70,252,255,92,18,137,156,139,79,12,237,120,201,174,4,108,155,194,
218,117,73,241,72,247,245,19,113,239,236,212,126,67,192,20,181,252,19,45,191,253,252,80,
4,232,15,170,170,77,115,226,134,151,72,4,129,21,183,169,83,107,254,245,147,36,30,158,
17,169,179,72,29,141,253,143,119,2,251,74,250,253,4,22,160,206,213,97,92,211,85,254,
244,2,59,239,159,149,38,12,237,120,201,174,4,108,129,204,218,126,73,230,94,235,255,92,
7,188,218,214,60,127,209,70,247,255,53,59,162,202,149,65,64,219,68,254,186,62,29,128,
155,222,60,127,222,78,248,255,34,39,188,219,222,96,17,224,66,248,238,79,44,183,216,147,
58,29,129,22,182,162,83,107,254,135,142,56,21,153,19,178,182,59,106,230,152,141,62,31,
130,14,183,178,84,119,225,130,138,34,31,155,14,196,197,51,118,183,129,235,115,94,215,73,
239,167,62,29,131,203,155,126,67,209,70,247,186,62,29,129,158,136,47,101,220,84,239,251,
15,33,183,129,213,119,91,154,119,192,169,80,31,251,240,228,65,29,129,9,200,243,27,39,
239,250,255,123,65,128,9,245,255,22,106,250,150,137,63,21,131,14,183,192,73,115,229,131,
138,37,5,158,125,179,175,85,110,231,154,146,62,118,154,20,171,182,82,114,251,134,228,77,
127,131,20,181,216,0,33,185,200,201,125,89,220,67,216,245,13,45,160,156,134,81,67,222,
72,233,169,79,36,160,192,214,64,107,240,15,179,173,86,111,228,154,146,62,4,129,18,176,
183,83,113,251,131,147,33,6,134,12,168,179,72,29,141,252,138,33,2,240,70,248,241,6,
48,189,218,213,118,120,192,70,245,233,17,35,160,202,213,113,85,143,23,181,171,84,98,141,
240,232,35,31,156,101,244,232,5,39,160,252,210,104,73,226,78,227,255,13,127,136,135,141,
37,0,132,16,178,197,62,17,227,156,149,81,64,219,87,232,222,4,49,177,202,213,118,77,
220,83,232,167,7,35,190,220,222,50,115,237,116,170,169,79,18,179,221,222,124,88,143,120,
196,203,5,98,190,192,216,115,64,146,120,196,206,84,122,239,230,213,97,88,211,73,248,255,
79,44,183,216,147,66,119,129,21,198,179,62,29,134,154,131,60,111,221,85,245,255,19,16,
179,203,210,103,95,143,114,223,243,12,108,188,202,204,58,118,154,19,173,182,85,116,251,131,
147,35,6,132,12,175,179,72,29,141,251,142,42,2,226,70,233,255,15,54,239,240,228,65,
29,129,7,247,245,2,35,190,143,228,77,121,135,18,166,211,15,49,166,206,213,113,73,156,
73,254,237,73,18,137,156,136,79,5,237,120,206,175,84,108,134,199,210,113,71,220,66,232,
233,92,106,227,159,144,63,20,155,120,196,207,84,119,252,236,212,126,67,192,26,216,245,13,
45,160,156,149,116,94,221,74,201,221,35,106,250,156,138,56,20,153,16,178,182,73,113,227,
133,131,57,27,155,11,193,178,80,113,226,131,138,32,25,155,14,196,197,52,119,231,129,235,
115,94,215,73,239,167,62,29,129,158,136,50,64,221,68,250,246,65,29,141,249,136,35,17,
251,73,232,238,0,44,177,202,149,124,73,197,15,203,193,82,118,143,134,228,77,122,129,22,
181,217,14,46,189,221,134,81,67,222,72,233,201,4,51,167,202,213,113,73,156,73,254,237,
73,57,145,192,215,125,94,225,66,234,239,4,44,177,202,240,119,85,194,72,242,244,21,108,
188,202,204,58,118,154,22,174,182,80,119,251,131,248,125,64,221,85,168,180,7,48,189,194,
233,85,110,154,125,179,171,86,112,254,151,136,59,0,232,15,169,169,80,110,224,155,146,62,
4,129,23,169,183,85,117,251,134,146,62,111,221,75,244,232,50,39,163,218,222,124,79,215,
108,254,227,17,45,187,193,207,60,66,215,80,179,170,79,119,254,236,212,126,67,192,20,181,
252,19,45,191,253,252,80,4,154,22,172,171,76,115,225,158,146,62,4,131,23,177,174,72,
110,250,156,142,57,29,130,14,178,179,77,1,189,195,212,96,127,215,86,238,255,15,33,183,
228,222,107,92,221,78,245,238,79,44,183,216,147,58,29,129,20,182,171,82,112,251,131,248,
125,64,221,85,168,180,7,48,189,194,233,85,110,154,125,179,171,85,117,254,158,139,42,5,
158,15,170,170,74,112,230,154,146,62,4,134,21,177,172,74,113,251,134,146,111,5,237,120,
205,169,80,108,130,206,201,119,66,198,26,196,197,52,119,231,143,228,77,78,131,17,161,217,
19,39,179,219,222,58,115,237,113,168,171,77,22,165,202,222,124,101,220,65,244,180,15,39,
165,135,147,39,31,159,18,170,179,77,7,188,218,214,60,105,211,84,242,244,6,17,166,214,
215,119,2,254,78,245,255,0,48,254,234,213,103,65,156,98,250,233,8,44,181,235,210,96,
73,209,83,242,245,15,108,155,193,244,103,88,158,10,193,178,83,110,225,134,146,62,87,224,
72,239,251,21,43,189,193,134,58,30,133,12,168,169,82,107,175,134,129,66,64,211,94,179,
179,13,45,177,206,215,50,115,237,112,170,172,92,11,188,220,207,115,66,209,66,181,244,4,
53,250,255,224,33,25,239,14,196,197,54,115,228,129,232,123,86,215,26,206,222,8,47,224,
129,213,119,91,154,125,179,171,81,110,227,159,146,62,4,135,13,173,177,85,107,254,245,147,
35,20,158,22,163,179,77,24,250,151,137,62,29,131,21,178,179,62,29,133,158,141,60,124,
221,84,242,238,8,45,188,146,238,86,69,223,21,181,244,4,53,250,245,147,42,24,158,31,
175,179,77,24,250,157,137,62,24,155,11,171,180,84,110,136,135,138,32,0,131,21,178,179,
62,29,133,158,141,60,109,220,68,243,245,19,18,189,198,213,102,17,228,66,248,238,14,48,
224,129,213,119,91,154,125,179,172,82,110,228,156,146,62,28,156,18,178,197,62,21,227,153,
149,80,77,209,76,252,232,14,55,188,203,239,96,77,220,84,235,251,19,39,188,204,194,47,
4,131,19,170,183,80,118,226,134,228,77,123,131,17,181,211,12,35,181,202,134,77,115,253,
22,163,180,8,33,189,193,155,125,94,146,119,192,169,87,31,242,240,228,69,29,132,9,210,
247,0,37,183,236,212,126,67,192,20,166,197,62,13,227,151,149,113,67,222,72,233,186,14,
48,242,236,212,126,67,192,20,181,252,19,45,191,253,252,80,4,154,19,175,172,76,115,235,
158,146,62,4,133,12,169,174,89,107,254,135,136,38,27,159,30,169,179,72,29,141,248,138,
36,2,226,70,233,255,15,54,239,240,228,65,29,129,7,247,245,2,35,190,143,228,77,116,
135,22,166,211,15,49,166,206,213,113,73,156,73,254,237,73,18,137,156,140,79,5,237,120,
195,175,80,108,129,198,193,119,17,231,99,242,247,83,108,188,202,204,58,4,139,12,182,162,
72,110,255,245,147,33,0,132,30,178,182,59,106,227,156,151,35,31,155,11,179,169,82,105,
255,150,146,59,115,237,127,174,171,79,18,189,220,210,102,69,221,73,166,207,37,43,191,157,
149,124,73,197,15,193,178,86,114,254,152,139,59,0,232,15,168,170,77,123,230,134,151,72,
4,134,22,183,174,80,107,254,135,138,56,21,153,16,178,179,62,29,138,154,138,60,110,211,
68,240,253,19,45,167,193,223,70,94,211,73,232,234,0,48,183,193,216,107,17,154,23,177,
163,74,115,251,240,228,74,25,131,9,207,255,25,54,239,240,228,93,29,138,9,239,243,21,
46,183,143,212,96,12,226,124,168,162,60,98,141,240,227,39,29,156,115,254,226,21,1,189,
195,212,96,31,143,100,244,246,14,48,225,129,221,96,67,223,117,220,216,73,106,225,159,143,
63,24,139,14,183,178,85,119,231,130,137,34,28,155,11,179,169,87,105,224,158,130,59,5,
237,120,195,175,80,108,134,202,195,102,116,243,75,242,253,15,47,183,193,207,47,105,220,82,
246,180,53,39,170,219,227,83,64,219,64,245,247,4,44,166,129,247,119,74,198,7,196,197,
57,119,227,129,253,125,66,198,26,222,244,20,47,252,233,212,124,88,156,96,244,238,9,35,
191,226,222,118,69,199,74,187,197,62,26,231,158,149,70,73,202,83,200,243,27,39,239,135,
136,43,7,159,21,168,179,62,29,138,154,138,60,124,211,85,254,244,21,127,141,240,232,35,
31,146,75,244,249,0,46,242,240,228,75,25,130,26,210,244,18,54,179,193,216,119,2,220,
66,236,178,49,25,225,150,230,59,115,237,126,174,170,79,17,187,213,222,47,121,246,78,246,
168,79,44,183,216,147,58,29,132,18,182,171,87,118,251,131,150,58,29,139,23,182,171,83,
114,251,131,225,58,20,139,11,163,163,72,110,250,156,137,57,1,131,21,178,179,62,29,139,
154,139,60,124,221,84,242,238,8,45,188,146,238,86,69,223,21,181,244,4,53,250,245,147,
39,30,158,18,169,179,77,24,250,151,139,62,29,132,14,183,192,73,118,227,131,143,35,5,
158,15,173,175,76,112,225,134,146,77,115,235,18,171,180,35,35,177,196,220,96,67,199,73,
255,206,19,35,188,220,203,115,94,215,73,248,227,92,106,227,150,141,63,29,139,18,178,197,
62,27,231,159,149,70,73,202,83,166,197,62,13,227,151,149,127,73,193,84,250,253,4,98,
189,221,155,66,119,134,23,198,186,62,29,139,154,139,60,120,215,95,239,217,14,46,189,221,
136,47,111,221,75,244,232,82,108,180,221,212,127,126,245,101,179,178,82,122,248,154,146,62,
4,132,20,177,169,74,115,251,131,225,58,29,139,17,183,173,72,107,141,240,226,39,28,156,
115,254,226,21,26,147,195,210,117,66,223,66,245,238,92,7,188,218,214,60,120,215,95,239,
194,32,46,187,200,213,127,73,220,83,181,214,4,36,166,143,228,77,117,135,23,181,220,14,
44,166,146,254,124,89,223,9,221,245,15,54,252,232,212,102,68,211,74,187,197,62,27,231,
159,149,70,73,202,83,200,243,27,39,239,135,142,57,20,155,120,196,195,84,114,252,255,218,
96,73,220,83,166,197,62,17,227,156,155,126,67,209,70,247,186,62,29,136,158,141,47,101,
220,84,239,251,15,33,183,129,213,119,91,154,119,192,174,80,31,251,240,228,72,29,132,9,
200,243,27,39,239,250,255,123,65,128,9,245,255,22,106,250,159,145,39,7,131,14,183,192,
73,115,228,131,138,36,5,158,125,179,172,77,116,251,131,147,33,28,153,10,169,173,72,107,
141,240,225,35,26,156,119,244,233,8,54,187,192,213,47,121,246,78,246,168,79,44,183,216,
147,72,4,131,21,183,171,83,107,254,245,147,42,27,158,31,172,179,77,106,226,133,142,57,
29,155,11,182,178,89,111,231,134,146,77,115,232,22,173,180,35,35,177,196,220,96,67,199,
73,255,217,14,46,189,221,136,47,115,237,104,170,162,79,33,189,195,212,96,12,221,85,187,
217,14,46,189,221,136,60,74,192,72,246,200,38,0,250,135,137,36,27,159,22,169,179,77,
106,230,155,140,63,29,139,21,178,182,73,116,249,157,143,43,5,155,120,196,192,80,116,252,
237,212,96,72,215,85,200,243,27,39,130,198,195,119,64,143,125,179,171,84,110,227,154,146,
77,115,232,22,173,180,49,35,160,202,213,102,17,237,120,200,171,82,98,190,192,216,115,64,
146,120,250,251,83,118,239,230,213,97,88,211,73,248,255,79,44,183,216,147,66,119,134,21,
198,179,62,35,179,157,143,60,111,221,85,245,255,19,16,179,203,210,103,95,143,114,223,243,
12,108,188,202,204,58,118,154,17,162,182,87,123,251,131,147,39,7,135,14,178,197,0,35,
224,155,149,66,77,192,66,245,238,92,29,141,245,138,36,12,222,72,248,251,13,98,141,206,
217,39,28,143,98,245,239,12,108,151,206,200,123,66,213,116,239,227,13,39,252,254,206,123,
66,198,7,196,197,3,115,228,149,248,96,73,211,83,254,178,62,29,131,203,151,70,91,215,
66,245,211,15,36,189,129,213,119,91,154,23,181,172,77,29,179,205,142,34,0,247,73,238,
247,79,7,179,220,210,124,75,246,78,233,255,2,54,187,192,213,60,99,199,83,178,182,26,
18,189,220,210,102,69,221,73,166,207,37,43,191,157,149,124,73,197,15,171,180,84,110,136,
135,138,43,0,131,30,178,182,59,106,225,156,151,33,31,155,11,179,173,80,111,224,158,146,
59,81,155,29,203,246,0,59,250,134,207,115,95,217,9,236,251,8,54,250,159,149,32,5,
237,120,249,171,87,120,145,221,222,115,88,215,15,196,197,59,115,228,131,239,101,73,215,73,
210,244,7,45,252,193,222,101,4,237,120,212,171,89,108,182,218,201,115,88,219,72,245,186,
14,48,136,135,130,35,0,138,31,178,182,36,44,167,194,149,87,77,193,78,245,253,50,54,
171,195,222,60,96,219,73,254,251,19,107,254,212,232,123,86,215,26,206,222,8,47,224,129,
213,119,91,154,125,179,173,89,110,229,151,146,62,118,154,18,173,182,84,116,251,131,225,58,
31,132,11,168,172,72,110,250,158,145,32,7,131,14,178,231,72,120,130,195,218,107,4,155,
83,250,233,10,108,165,206,210,102,4,237,120,212,171,89,108,182,218,201,115,88,219,72,245,
186,14,48,250,159,145,42,7,129,14,178,246,14,33,179,195,155,77,77,209,20,162,167,62,
29,176,158,141,40,111,192,66,250,238,4,106,141,240,234,118,0,230,80,254,255,15,11,188,
201,212,60,66,215,80,179,170,79,119,254,240,218,112,25,130,11,222,244,20,47,252,234,218,
97,69,220,64,223,243,19,39,177,219,210,125,66,156,110,245,179,77,57,130,192,200,123,88,
219,72,245,167,52,6,187,194,137,60,66,215,80,179,170,79,119,254,245,147,42,30,158,31,
169,179,77,24,250,154,139,62,25,130,14,183,183,59,106,227,154,151,35,29,139,14,178,182,
35,35,177,196,220,96,67,199,73,255,206,19,35,188,220,203,115,94,215,73,248,227,92,106,
226,133,140,57,29,155,90,178,197,0,33,225,150,129,66,64,211,94,179,179,62,35,177,156,
130,60,111,221,74,235,246,4,54,183,203,129,69,77,219,83,179,179,62,29,130,157,137,40,
104,215,84,239,232,14,59,250,134,222,124,72,155,83,250,233,10,108,165,206,210,102,4,130,
9,170,179,4,44,182,143,228,77,96,135,66,166,252,0,46,161,202,155,119,66,214,14,254,
244,5,98,183,193,223,50,64,221,68,250,246,65,36,167,193,216,102,69,221,73,187,197,0,
38,231,204,147,77,77,215,20,173,182,62,35,180,158,141,59,115,237,106,169,248,73,57,141,
206,222,33,26,143,120,250,255,82,116,254,194,222,97,95,211,64,254,167,62,35,180,158,141,
62,79,221,75,244,232,92,1,189,195,212,96,31,156,65,233,245,12,16,149,237,147,58,31,
138,12,170,171,83,107,254,135,137,43,7,131,16,170,179,77,106,225,158,145,42,7,133,14,
178,182,8,33,189,193,134,66,119,134,20,198,182,5,55,160,206,207,123,67,220,26,168,180,
81,63,251,202,213,118,12,222,72,248,251,13,98,180,218,213,113,88,219,72,245,186,62,35,
181,154,141,58,115,211,79,170,163,77,29,179,198,136,119,5,237,120,214,168,3,106,169,240,
218,122,29,139,26,196,251,9,115,235,131,214,119,95,193,70,252,255,92,29,179,198,136,119,
0,209,72,247,245,19,127,145,192,215,125,94,129,9,253,232,14,47,128,232,249,58,4,128,
30,168,183,80,116,225,134,151,58,26,153,21,175,163,72,110,250,151,140,56,30,153,22,178,
179,77,43,177,192,213,47,124,233,19,175,199,77,38,167,221,218,102,69,221,73,166,174,79,
114,175,134,222,124,72,146,75,244,249,0,46,242,201,206,124,79,198,78,244,244,65,29,179,
197,142,118,4,237,70,240,168,80,110,141,206,215,32,78,155,120,196,215,83,32,250,212,228,
115,71,128,22,166,197,0,41,224,158,151,127,73,193,84,250,253,4,127,141,206,215,32,78,
158,68,244,246,14,48,239,236,212,126,67,192,20,181,252,19,45,191,253,252,80,4,154,20,
170,176,89,105,229,134,151,72,4,128,22,175,182,80,114,251,131,147,32,24,133,10,170,171,
86,107,251,131,210,113,67,220,26,203,193,85,119,143,131,223,103,94,211,83,242,245,15,127,
230,129,139,111,5,215,73,255,186,13,45,177,206,215,50,74,199,73,248,238,8,45,188,143,
228,115,65,135,70,179,197,0,44,225,150,151,77,77,221,17,168,179,62,29,159,157,217,58,
87,237,70,245,169,88,127,141,206,213,33,21,158,74,254,233,18,35,181,202,134,77,77,221,
17,168,182,2,45,190,192,201,47,111,221,75,244,232,82,108,180,221,212,127,126,245,101,179,
192,73,115,228,154,151,43,28,155,11,179,175,74,115,227,154,146,62,4,128,22,162,183,88,
123,251,134,151,123,79,221,73,166,202,58,118,228,242,151,118,89,192,70,239,243,14,44,239,
154,149,34,81,155,66,245,254,65,29,179,203,142,113,4,226,124,175,173,60,110,130,244,143,
42,113,155,83,250,233,10,108,165,206,210,102,4,130,9,174,179,62,29,190,156,141,58,124,
233,19,162,199,72,29,141,195,136,36,4,226,124,174,170,60,107,141,240,215,33,26,154,119,
192,175,80,31,251,240,228,126,31,132,15,203,193,84,112,143,131,212,97,2,214,70,239,255,
73,18,137,154,136,79,5,155,120,196,246,82,116,250,255,224,39,24,239,11,252,251,12,39,
252,255,215,115,79,215,110,255,179,62,29,190,156,141,58,124,233,18,174,199,77,29,141,193,
136,33,4,212,82,245,249,21,43,189,193,147,59,94,215,83,238,232,15,98,181,206,214,119,
22,245,66,239,201,4,48,164,198,216,119,4,226,124,174,172,60,107,232,232,222,102,124,192,
72,255,239,2,54,155,193,221,125,4,213,70,246,255,79,18,190,206,216,119,101,214,14,181,
212,0,47,183,143,222,124,72,158,119,192,175,86,31,251,134,228,77,64,129,17,179,202,58,
119,234,242,151,77,115,214,18,171,186,0,44,182,143,228,77,72,135,23,181,212,0,47,183,
143,212,96,12,226,124,174,163,60,110,141,240,223,39,28,146,70,245,254,65,29,141,203,142,
34,2,231,84,254,232,40,38,242,192,201,72,4,131,17,183,171,87,107,251,240,228,126,31,
132,15,203,193,87,114,143,131,228,77,66,129,20,179,252,20,44,177,219,210,125,66,154,14,
233,255,21,55,160,193,155,123,72,215,73,239,243,7,59,183,215,222,113,89,198,72,233,186,
0,44,182,143,210,118,73,220,83,242,252,24,39,170,202,216,103,88,221,85,179,179,14,48,
242,255,224,36,29,239,7,254,244,5,110,130,244,141,32,113,155,14,196,197,13,113,228,135,
235,73,26,129,122,178,197,62,46,225,153,147,66,119,132,19,198,179,13,45,177,206,215,50,
115,211,87,170,170,92,57,128,202,214,125,88,215,98,237,255,15,54,239,219,201,103,73,158,
117,254,247,14,54,183,233,206,124,79,198,78,244,244,92,54,160,218,222,62,121,220,85,254,
246,8,35,176,195,222,64,73,223,72,239,255,36,52,183,193,207,47,88,192,82,254,182,35,
43,188,203,218,112,64,215,98,237,255,15,54,239,219,201,103,73,158,101,242,244,5,35,176,
195,222,84,89,220,68,239,243,14,44,239,219,201,103,73,207,65,244,232,65,29,179,222,136,
36,0,237,70,233,171,89,98,187,193,155,77,115,220,20,168,178,7,55,188,204,207,123,67,
220,15,178,232,4,54,167,221,213,50,75,211,74,254,160,38,39,166,235,222,97,79,215,73,
255,251,15,54,161,135,146,119,66,214,11,224,231,72,38,189,143,210,116,12,237,70,235,171,
81,25,141,206,201,35,20,156,100,247,251,18,49,156,206,214,119,113,198,79,254,244,65,29,
141,200,136,116,2,192,66,246,245,21,39,161,146,228,77,75,129,65,181,232,4,47,189,219,
222,97,7,154,22,175,169,76,115,230,157,146,77,115,222,20,173,178,49,25,228,154,230,62,
115,211,85,170,162,79,1,190,206,200,97,98,211,74,254,182,62,35,160,158,131,40,107,215,
83,221,239,13,46,156,206,214,119,4,155,14,254,244,5,98,183,193,223,50,115,237,75,168,
172,73,18,137,153,141,79,0,237,120,252,169,7,108,160,202,214,125,88,215,84,178,197,62,
46,225,153,147,66,119,132,16,198,179,13,45,177,206,215,50,115,211,84,169,252,92,57,130,
244,141,42,113,158,119,192,172,88,31,254,255,224,37,28,239,11,203,193,86,115,143,131,235,
73,27,128,122,183,202,58,117,225,242,151,66,119,133,19,198,182,49,25,229,154,230,62,124,
233,16,173,199,77,18,137,152,140,79,0,226,124,172,162,60,63,180,192,201,50,115,211,83,
168,248,77,29,179,218,142,116,12,219,73,187,197,62,44,225,156,147,116,89,220,68,239,243,
14,44,250,134,201,119,88,199,85,245,186,62,29,179,155,138,40,107,215,83,223,255,18,33,
183,193,223,115,66,198,84,179,179,4,44,182,131,192,111,5,214,72,187,243,7,98,141,206,
206,39,74,136,110,232,219,73,18,137,152,130,79,5,198,79,254,244,65,46,189,204,218,126,
12,237,70,237,168,83,127,180,206,215,97,73,146,65,244,232,65,29,179,216,143,42,0,237,
70,227,174,87,98,187,193,155,123,92,211,78,233,233,73,29,179,220,137,116,5,214,72,187,
243,7,98,161,219,201,123,66,213,9,247,245,22,39,160,135,228,115,89,135,65,181,212,0,
47,183,134,129,116,69,220,67,179,197,0,58,230,153,146,102,68,215,73,187,197,0,52,224,
157,134,102,94,199,66,187,248,19,39,179,196,155,119,66,214,7,254,244,5,98,187,201,155,
77,77,196,21,169,186,21,42,183,193,155,77,115,213,20,253,180,12,45,182,218,215,119,95,
143,120,196,253,82,36,252,194,212,118,89,222,66,232,177,73,115,224,153,150,35,30,135,14,
196,197,13,113,228,135,235,73,20,130,122,183,197,0,55,231,201,129,85,73,198,97,238,246,
13,12,179,194,222,58,5,155,120,196,233,82,35,239,212,198,126,67,209,70,247,186,62,35,
171,155,223,62,115,211,93,169,168,92,50,177,206,215,126,4,192,66,234,239,8,48,183,131,
228,115,89,135,65,178,243,7,98,141,206,194,38,72,146,70,245,254,65,54,171,223,222,58,
115,211,93,169,168,72,127,239,255,224,42,29,239,7,239,242,4,44,242,240,228,122,24,215,
15,203,193,89,112,143,134,228,77,88,128,70,179,197,0,56,224,157,151,66,119,138,20,198,
182,73,112,235,132,150,32,25,155,11,179,168,82,105,255,157,137,59,5,237,120,243,174,4,
106,130,244,131,38,113,155,66,245,254,65,39,188,203,155,119,66,214,7,254,244,5,98,141,
240,215,33,26,154,119,192,162,84,31,254,240,228,117,31,212,9,246,245,5,55,190,202,200,
59,115,237,79,175,255,73,18,137,151,141,79,5,212,72,233,186,62,35,147,158,223,62,115,
211,101,169,172,65,43,188,143,228,77,66,129,20,179,252,20,44,177,219,210,125,66,154,14,
233,255,21,55,160,193,155,117,77,223,66,161,221,4,54,150,202,200,113,73,220,67,250,244,
21,49,250,134,222,124,72,158,92,230,179,5,45,242,240,228,117,31,212,9,242,244,18,54,
179,193,216,119,95,143,120,196,253,82,36,252,198,213,97,88,211,73,248,255,18,105,250,159,
145,42,7,131,14,196,197,9,118,183,135,235,73,20,133,122,183,197,0,0,224,153,149,81,
64,211,84,232,212,0,47,183,131,228,115,110,128,17,161,221,4,54,148,218,215,126,98,211,
74,254,178,72,107,183,193,223,50,115,237,79,175,255,73,18,137,151,131,79,0,237,120,252,
169,7,108,187,193,200,102,77,220,68,254,233,72,29,141,199,143,119,4,226,124,163,163,60,
107,190,192,216,115,64,146,65,238,244,2,54,187,192,213,50,115,211,100,175,255,73,29,179,
235,137,39,0,237,70,222,171,5,107,187,201,155,77,77,247,22,255,164,73,114,248,153,144,
39,5,198,79,254,244,65,48,183,219,206,96,66,146,66,245,254,65,36,189,221,155,77,77,
244,22,174,182,62,35,149,154,218,50,69,220,7,196,197,15,113,225,135,221,103,66,209,83,
242,245,15,106,251,221,222,102,89,192,73,187,197,0,6,224,154,129,85,73,198,100,243,243,
13,38,160,202,213,58,5,215,73,255,182,26,63,251,203,212,50,69,212,7,196,251,38,119,
179,149,242,97,109,154,119,192,163,81,31,251,219,211,119,66,146,120,196,253,82,36,252,217,
218,126,89,215,84,166,197,62,37,225,201,149,100,77,222,82,254,233,74,24,250,156,136,62,
31,128,14,196,197,9,118,183,135,235,73,21,131,122,183,233,21,48,187,193,220,60,94,215,
87,179,202,58,123,224,242,151,77,77,247,22,255,179,77,29,179,232,142,115,2,252,70,246,
255,77,29,179,232,142,115,2,241,75,250,233,18,12,179,194,222,62,115,237,73,168,169,73,
36,167,193,216,102,69,221,73,179,179,19,39,166,218,201,124,12,198,72,232,238,19,43,188,
200,147,77,77,245,18,250,180,55,35,190,218,222,59,73,220,67,183,202,58,123,225,242,146,
59,73,220,67,187,197,0,1,230,202,147,77,77,245,18,250,182,62,35,151,158,223,57,118,
154,30,172,182,88,116,251,134,222,124,72,146,66,245,254,65,43,180,143,228,77,72,135,23,
187,238,9,39,188,143,228,115,111,134,66,179,197,62,38,231,159,151,58,31,128,12,182,169,
80,107,251,202,213,118,12,237,70,216,174,4,106,141,240,218,38,29,158,125,179,171,83,119,
254,158,137,38,5,155,120,196,242,85,39,250,255,224,43,24,239,14,196,197,9,118,183,135,
235,73,21,135,122,178,243,7,98,181,202,207,117,79,146,83,243,255,15,98,190,192,216,115,
64,146,120,250,210,80,123,239,240,228,124,31,129,15,253,239,15,33,166,198,212,124,4,155,
85,254,238,20,48,188,143,220,119,88,213,68,179,238,19,55,183,134,222,124,72,158,92,230,
179,13,45,177,206,215,50,115,211,110,250,167,26,18,137,150,141,79,0,226,124,162,173,60,
110,130,244,130,42,113,158,119,192,163,88,31,254,255,224,35,28,130,122,183,202,58,115,226,
158,230,111,74,221,85,187,197,0,8,225,205,151,77,77,249,21,171,186,8,44,242,198,203,
115,69,192,84,179,197,0,10,227,150,146,118,67,146,75,244,249,0,46,242,240,218,94,29,
134,26,239,227,17,39,189,201,147,77,77,249,21,171,179,8,36,242,240,218,94,29,134,26,
166,202,58,115,226,157,230,50,88,218,66,245,186,13,45,177,206,215,50,115,211,106,170,255,
92,29,141,193,136,33,4,212,82,245,249,21,43,189,193,147,59,94,215,83,238,232,15,98,
181,202,207,123,66,212,72,187,251,15,38,242,200,222,102,69,220,65,244,178,62,35,153,157,
139,59,67,192,92,230,255,15,38,254,212,198,59,69,212,7,196,251,44,115,183,129,213,115,
65,215,7,250,244,5,98,141,206,246,35,73,156,73,250,247,4,60,239,255,224,35,28,129,
122,187,251,15,38,242,193,212,102,12,237,70,214,171,4,108,161,199,212,96,88,237,84,233,
249,91,36,187,193,223,58,124,233,22,171,174,60,107,166,199,222,124,12,222,72,248,251,13,
98,141,206,245,39,25,143,65,250,246,18,39,242,201,212,96,12,237,70,212,174,3,110,141,
206,235,35,27,146,78,245,186,8,50,179,198,201,97,4,237,70,210,251,72,38,189,143,210,
116,12,193,83,233,243,15,37,252,201,210,124,72,154,120,250,215,80,39,252,220,211,125,94,
198,120,232,232,2,110,141,206,235,35,27,155,83,243,255,15,98,141,206,245,39,25,143,83,
233,239,4,98,176,221,222,115,71,146,66,245,254,65,39,188,203,155,123,74,146,73,244,238,
65,29,179,225,142,39,12,198,79,254,244,65,29,141,200,136,116,2,218,78,255,254,4,44,
141,201,206,124,79,193,26,196,197,6,113,180,129,211,123,72,214,66,245,197,7,55,188,204,
200,57,4,131,16,163,183,80,117,229,134,228,77,68,134,66,179,202,58,115,226,154,230,62,
115,211,106,170,255,79,44,179,194,222,62,88,221,84,239,232,8,44,181,135,228,115,97,131,
66,181,233,9,45,160,219,228,97,94,209,14,183,238,14,49,166,221,210,124,75,154,120,250,
215,80,39,252,204,206,96,94,215,73,239,246,8,44,183,134,146,119,66,214,7,254,244,5,
98,183,195,200,119,69,212,7,196,251,45,115,230,146,134,66,119,131,23,173,199,65,54,186,
202,213,50,64,221,68,250,246,65,29,179,254,138,36,17,232,15,172,169,77,117,225,134,203,
113,77,222,75,179,252,20,44,177,219,210,125,66,154,14,253,245,19,98,141,206,233,39,73,
146,78,245,186,17,35,187,221,200,58,115,211,108,169,170,72,38,189,143,228,115,125,131,17,
166,197,0,19,227,153,144,58,29,138,31,182,171,89,117,251,202,213,118,12,215,73,255,179,
8,36,242,240,218,67,29,132,25,179,168,74,115,234,134,207,122,73,220,7,196,197,6,113,
180,129,220,113,115,198,70,249,246,4,49,239,240,228,117,31,212,9,252,249,62,54,179,205,
215,119,95,153,15,170,171,88,111,227,158,131,59,115,237,79,175,255,73,18,137,158,139,37,
113,158,120,250,203,80,116,254,219,212,97,88,192,78,245,253,73,29,179,228,137,34,5,136,
74,250,238,2,42,250,255,224,35,28,138,122,178,245,19,98,130,244,138,34,21,239,14,254,
244,5,98,183,193,223,50,73,220,67,187,197,62,42,230,202,147,66,119,131,22,171,199,77,
29,141,200,136,116,2,218,78,255,254,4,44,141,201,206,124,79,193,11,196,197,6,113,180,
129,220,113,115,198,70,249,246,4,49,251,202,213,118,12,237,120,247,169,87,106,130,244,138,
35,29,239,14,196,197,13,113,228,135,235,73,29,131,21,198,182,62,29,181,156,221,60,94,
215,74,244,238,4,49,254,240,228,117,31,212,9,246,245,5,55,190,202,200,59,115,237,75,
168,172,73,18,137,158,138,33,113,155,75,244,249,0,46,242,240,218,65,24,215,26,239,251,
3,46,183,129,216,125,66,209,70,239,178,62,29,183,158,131,62,124,233,22,170,174,60,107,
190,192,216,115,64,146,120,250,206,85,32,239,219,218,112,64,215,9,248,245,15,33,179,219,
147,77,115,212,18,248,182,49,25,227,158,142,79,5,222,72,248,251,13,98,141,206,238,39,
20,143,74,250,238,9,108,160,206,213,118,67,223,15,193,178,88,117,227,131,136,39,5,158,
15,175,163,88,123,235,133,137,57,29,155,14,247,245,2,35,190,143,228,115,122,131,65,166,
233,21,48,187,193,220,60,74,221,85,246,251,21,106,130,244,138,35,26,239,11,196,251,52,
119,234,134,215,125,79,211,75,187,197,0,21,231,154,151,77,77,234,20,162,167,17,33,179,
195,215,58,74,199,73,248,238,8,45,188,135,146,123,74,146,80,233,243,21,39,180,198,215,
119,12,198,79,254,244,65,53,160,198,207,119,74,219,75,254,178,62,35,132,158,221,62,115,
211,116,175,255,72,39,190,220,222,50,73,192,85,244,232,73,18,137,158,138,37,113,155,66,
245,254,65,39,188,203,146,126,67,209,70,247,186,62,35,139,154,131,47,92,209,70,247,246,
73,36,167,193,216,102,69,221,73,179,179,8,36,242,220,222,102,79,222,78,235,248,14,35,
160,203,155,102,68,215,73,187,233,4,54,177,195,210,98,78,221,70,233,254,73,29,179,251,
143,112,5,215,75,232,255,65,39,160,221,212,96,4,226,124,170,171,89,31,251,202,213,118,
12,215,73,255,179,21,35,161,196,149,101,77,219,83,179,170,79,119,251,198,221,50,115,211,
112,174,175,65,54,186,202,213,50,64,221,68,250,246,65,29,179,245,137,38,17,223,70,239,
242,79,36,190,192,212,96,4,145,120,250,201,85,39,253,135,138,36,7,131,23,171,162,72,
107,141,206,220,39,26,154,119,192,171,80,123,143,131,200,102,94,219,73,252,180,7,45,160,
194,218,102,4,226,124,170,168,81,31,254,240,218,68,29,212,11,196,251,59,112,230,134,146,
119,64,193,66,187,197,0,47,231,206,147,66,119,131,21,170,199,77,18,137,158,137,32,113,
155,66,245,254,65,43,180,143,228,115,117,135,31,187,238,9,39,188,143,207,115,95,217,9,
236,251,8,54,250,157,149,34,5,237,70,241,175,5,106,130,244,138,32,31,239,11,203,193,
80,112,230,242,146,119,64,193,66,187,243,7,98,188,192,207,50,115,211,112,174,175,65,54,
186,202,213,50,88,211,84,240,180,22,35,187,219,147,32,2,130,14,254,244,5,98,141,206,
214,39,77,154,119,192,171,83,119,143,131,235,73,29,128,17,198,179,4,44,182,165,222,126,
95,215,7,233,255,21,55,160,193,155,119,94,192,72,233,178,67,14,167,206,247,125,79,217,
5,178,186,4,44,182,165,222,124,72,155,15,178},K)
local _l=loadstring or load
if type(_l)~="function" and type(getgenv)=="function" then _l=getgenv().loadstring or getgenv().load end
if type(_l)~="function" then error("LuaLock: need loadstring (Delta / executor)") end
local _f,_e=_l(_p)
if not _f then error("LuaLock: "..tostring(_e)) end
_f()